# Xgboost
             precision    recall  f1-score   support

          0       0.64      0.47      0.54       154
          1       0.64      0.77      0.70       395
          2       0.68      0.60      0.64       301

avg / total       0.66      0.65      0.65       850

[[ 72  62  20]
 [ 28 303  64]
 [ 13 107 181]]
0.654117647059

# Dummy
             precision    recall  f1-score   support

          0       0.21      0.17      0.19       154
          1       0.50      0.51      0.50       395
          2       0.37      0.39      0.38       301

avg / total       0.40      0.41      0.40       850

[[ 26  67  61]
 [ 54 202 139]
 [ 44 139 118]]
0.407058823529