# Xgboost
             precision    recall  f1-score   support

          0       0.66      0.74      0.70       216
          1       0.65      0.62      0.64       223
          2       0.55      0.21      0.30        29

avg / total       0.65      0.65      0.64       468

[[160  55   1]
 [ 80 139   4]
 [  3  20   6]]
0.638888888889

# Dummy
             precision    recall  f1-score   support

          0       0.50      0.50      0.50       216
          1       0.51      0.51      0.51       223
          2       0.10      0.10      0.10        29

avg / total       0.48      0.48      0.48       468

[[107  96  13]
 [ 94 114  15]
 [ 11  15   3]]
0.478632478632